14.11.2024 0,00 0 311.72 1 2 3 4 5 -127.00
   6.045 g 
14.11.2024 3,66 0 312.40 1 2 3 4 5 -127.00
   6.045 g 
14.11.2024 7,31 0 309.67 1 2 3 4 5 -127.00
   6.045 g 
14.11.2024 10,96 0 312.40 1 2 3 4 5 -127.00
   6.045 g 
14.11.2024 14,62 0 2162.21 1 2 3 4 5 -127.00
   6.045 g 
14.11.2024 18,27 0 2458.89 1 2 3 4 5 -127.00
   6.315 g 
14.11.2024 21,92 0 2485.55 1 2 3 4 5 -127.00
   6.705 g 
14.11.2024 25,58 0 2491.02 1 2 3 4 5 -127.00
   6.830 g 
14.11.2024 29,23 0 2493.75 1 2 3 4 5 -127.00
   6.900 g 
14.11.2024 32,89 0 2499.90 1 2 3 4 5 -127.00
   6.895 g 
14.11.2024 36,54 0 2502.64 1 2 3 4 5 -127.00
   6.955 g 
14.11.2024 40,19 0 2500.59 1 2 3 4 5 -127.00
   6.955 g 
14.11.2024 43,85 0 2506.05 1 2 3 4 5 -127.00
   6.955 g 
14.11.2024 47,50 0 2504.69 1 2 3 4 5 -127.00
   7.020 g 
14.11.2024 51,15 0 2511.52 1 2 3 4 5 -127.00
   7.015 g 
14.11.2024 54,81 0 2510.84 1 2 3 4 5 -127.00
   7.015 g 
14.11.2024 58,46 0 2512.21 1 2 3 4 5 -127.00
   7.015 g 
14.11.2024 62,11 0 2518.36 1 2 3 4 5 -127.00
   7.080 g 
14.11.2024 65,77 0 2517.68 1 2 3 4 5 -127.00
   7.080 g 
14.11.2024 69,42 0 2522.46 1 2 3 4 5 -127.00
   7.080 g 
14.11.2024 73,07 0 2525.88 1 2 3 4 5 -127.00
   7.075 g 
14.11.2024 76,73 0 2525.88 1 2 3 4 5 -127.00
   7.140 g 
14.11.2024 80,38 0 2533.40 1 2 3 4 5 -127.00
   7.140 g 
14.11.2024 84,03 0 2538.18 1 2 3 4 5 -127.00
   7.140 g 
14.11.2024 87,69 0 2539.55 1 2 3 4 5 -127.00
   7.135 g 
14.11.2024 91,34 0 2540.23 1 2 3 4 5 -127.00
   7.200 g 
14.11.2024 94,99 0 2541.60 1 2 3 4 5 -127.00
   7.200 g 
14.11.2024 98,65 0 2548.44 1 2 3 4 5 -127.00
   7.200 g 
14.11.2024 102,30 0 2550.49 1 2 3 4 5 -127.00
   7.200 g 
14.11.2024 105,95 0 2558.69 1 2 3 4 5 -127.00
   7.200 g 
14.11.2024 109,61 0 2560.74 1 2 3 4 5 -127.00
   7.260 g 
14.11.2024 113,26 0 2566.21 1 2 3 4 5 -127.00
   7.260 g 
14.11.2024 116,91 0 2571.68 1 2 3 4 5 -127.00
   7.260 g 
14.11.2024 120,56 0 2570.31 1 2 3 4 5 -127.00
   7.255 g 
14.11.2024 124,22 0 2572.36 1 2 3 4 5 -127.00
   7.255 g 
14.11.2024 127,87 0 2573.05 1 2 3 4 5 -127.00
   7.320 g 
14.11.2024 131,52 0 2573.05 1 2 3 4 5 -127.00
   7.320 g 
14.11.2024 135,18 0 2575.78 1 2 3 4 5 -127.00
   7.320 g 
14.11.2024 138,83 0 2579.20 1 2 3 4 5 -127.00
   7.315 g 
14.11.2024 143,83 0 2581.25 1 2 3 4 5 -127.00
   7.315 g 
14.11.2024 148,83 0 2587.40 1 2 3 4 5 -127.00
   7.385 g 
14.11.2024 153,83 0 2593.55 1 2 3 4 5 -127.00
   7.380 g 
14.11.2024 158,83 0 2594.92 1 2 3 4 5 -127.00
   7.380 g 
14.11.2024 163,83 0 2599.71 1 2 3 4 5 -127.00
   7.375 g 
14.11.2024 168,83 0 2600.39 1 2 3 4 5 -127.00
   7.375 g 
14.11.2024 173,83 0 2601.07 1 2 3 4 5 -127.00
   7.435 g 
14.11.2024 178,83 0 2600.39 1 2 3 4 5 -127.00
   7.435 g 
14.11.2024 183,83 0 2608.59 1 2 3 4 5 -127.00
   7.435 g 
14.11.2024 188,83 0 2609.96 1 2 3 4 5 -127.00
   7.435 g 
14.11.2024 193,83 0 2614.06 1 2 3 4 5 -127.00
   7.495 g 
14.11.2024 198,83 0 2614.06 1 2 3 4 5 -127.00
   7.495 g 
14.11.2024 203,83 0 2616.11 1 2 3 4 5 -127.00
   7.490 g 
14.11.2024 208,83 0 2620.21 1 2 3 4 5 -127.00
   7.490 g 
14.11.2024 213,83 0 2621.58 1 2 3 4 5 -127.00
   7.490 g 
14.11.2024 218,83 0 2627.05 1 2 3 4 5 -127.00
   7.555 g 
14.11.2024 223,83 0 2627.05 1 2 3 4 5 -127.00
   7.555 g 
14.11.2024 228,83 0 2627.73 1 2 3 4 5 -127.00
   7.550 g 
14.11.2024 233,83 0 2627.73 1 2 3 4 5 -127.00
   7.550 g 
14.11.2024 238,83 0 2627.73 1 2 3 4 5 -127.00
   7.550 g 
14.11.2024 243,83 0 2632.52 1 2 3 4 5 -127.00
   7.550 g 
14.11.2024 248,83 0 2635.25 1 2 3 4 5 -127.00
   7.610 g 
14.11.2024 253,83 0 2635.94 1 2 3 4 5 -127.00
   7.610 g 
14.11.2024 258,83 0 2635.94 1 2 3 4 5 -127.00
   7.605 g 
14.11.2024 263,83 0 2639.36 1 2 3 4 5 -127.00
   7.605 g 
14.11.2024 268,83 0 2642.77 1 2 3 4 5 -127.00
   7.605 g 
14.11.2024 273,83 0 2648.24 1 2 3 4 5 -127.00
   7.665 g 
14.11.2024 278,83 0 2646.88 1 2 3 4 5 -127.00
   7.665 g 
14.11.2024 283,83 0 2646.88 1 2 3 4 5 -127.00
   7.660 g 
14.11.2024 288,83 0 2648.24 1 2 3 4 5 -127.00
   7.660 g 
14.11.2024 293,83 0 2648.24 1 2 3 4 5 -127.00
   7.660 g 
14.11.2024 298,83 0 2648.24 1 2 3 4 5 -127.00
   7.660 g 
14.11.2024 303,83 0 2648.24 1 2 3 4 5 -127.00
   7.720 g 
14.11.2024 308,83 0 2649.61 1 2 3 4 5 -127.00
   7.720 g 
14.11.2024 313,83 0 2655.08 1 2 3 4 5 -127.00
   7.720 g 
14.11.2024 318,83 0 2652.34 1 2 3 4 5 -127.00
   7.720 g 
14.11.2024 323,83 0 2652.34 1 2 3 4 5 -127.00
   7.720 g 
14.11.2024 328,83 0 2656.45 1 2 3 4 5 -127.00
   7.775 g 
14.11.2024 333,83 0 2654.39 1 2 3 4 5 -127.00
   7.775 g 
14.11.2024 338,83 0 2664.65 1 2 3 4 5 -127.00
   7.775 g 
14.11.2024 343,83 0 2668.07 1 2 3 4 5 -127.00
   7.770 g 
14.11.2024 348,83 0 2662.60 1 2 3 4 5 -127.00
   7.770 g 
14.11.2024 353,83 0 2666.70 1 2 3 4 5 -127.00
   7.770 g 
14.11.2024 358,83 0 2668.75 1 2 3 4 5 -127.00
   7.830 g 
14.11.2024 363,83 0 2670.12 1 2 3 4 5 -127.00
   7.830 g 
14.11.2024 368,83 0 2670.80 1 2 3 4 5 -127.00
   7.830 g 
14.11.2024 373,83 0 2670.80 1 2 3 4 5 -127.00
   7.830 g 
14.11.2024 378,83 0 2674.22 1 2 3 4 5 -127.00
   7.830 g 
14.11.2024 383,83 0 2675.59 1 2 3 4 5 -127.00
   7.825 g 
14.11.2024 388,83 0 2675.59 1 2 3 4 5 -127.00
   7.885 g 
14.11.2024 393,83 0 2675.59 1 2 3 4 5 -127.00
   7.885 g 
14.11.2024 398,83 0 2675.59 1 2 3 4 5 -127.00
   7.880 g 
14.11.2024 403,83 0 2675.59 1 2 3 4 5 -127.00
   7.880 g 
14.11.2024 408,83 0 2676.27 1 2 3 4 5 -127.00
   7.880 g 
14.11.2024 413,83 0 2675.59 1 2 3 4 5 -127.00
   7.880 g 
14.11.2024 418,83 0 2676.27 1 2 3 4 5 -127.00
   7.940 g 
14.11.2024 423,83 0 2676.27 1 2 3 4 5 -127.00
   7.935 g 
14.11.2024 428,83 0 2676.27 1 2 3 4 5 -127.00
   7.935 g 
14.11.2024 433,83 0 2676.27 1 2 3 4 5 -127.00
   7.930 g 
14.11.2024 438,83 0 2676.95 1 2 3 4 5 -127.00
   7.930 g 
14.11.2024 443,83 0 2676.95 1 2 3 4 5 -127.00
   7.930 g 
14.11.2024 448,83 0 2678.32 1 2 3 4 5 -127.00
   7.930 g 
14.11.2024 453,83 0 2679.00 1 2 3 4 5 -127.00
   7.990 g 
14.11.2024 458,83 0 2682.42 1 2 3 4 5 -127.00
   7.985 g 
14.11.2024 463,83 0 2678.32 1 2 3 4 5 -127.00
   7.985 g 
14.11.2024 468,83 0 2683.11 1 2 3 4 5 -127.00
   7.985 g 
14.11.2024 473,83 0 2686.52 1 2 3 4 5 -127.00
   7.980 g 
14.11.2024 478,83 0 2687.89 1 2 3 4 5 -127.00
   7.980 g 
14.11.2024 483,83 0 2692.68 1 2 3 4 5 -127.00
   8.040 g 
14.11.2024 488,83 0 2689.94 1 2 3 4 5 -127.00
   8.035 g 
14.11.2024 493,83 0 2689.26 1 2 3 4 5 -127.00
   8.035 g 
14.11.2024 498,83 0 2688.57 1 2 3 4 5 -127.00
   8.035 g 
14.11.2024 503,83 0 2689.94 1 2 3 4 5 -127.00
   8.035 g 
14.11.2024 508,83 0 2689.26 1 2 3 4 5 -127.00
   8.035 g 
14.11.2024 513,83 0 2694.04 1 2 3 4 5 -127.00
   8.035 g 
14.11.2024 518,83 0 2692.68 1 2 3 4 5 -127.00
   8.095 g 
14.11.2024 523,83 0 2693.36 1 2 3 4 5 -127.00
   8.095 g 
14.11.2024 528,83 0 2700.88 1 2 3 4 5 -127.00
   8.090 g 
14.11.2024 533,83 0 2694.73 1 2 3 4 5 -127.00
   8.090 g 
14.11.2024 538,83 0 2689.94 1 2 3 4 5 -127.00
   8.090 g 
14.11.2024 543,83 0 2698.14 1 2 3 4 5 -127.00
   8.090 g 
14.11.2024 548,83 0 2702.93 1 2 3 4 5 -127.00
   8.090 g 
14.11.2024 553,83 0 2702.93 1 2 3 4 5 -127.00
   8.150 g 
14.11.2024 558,83 0 2702.25 1 2 3 4 5 -127.00
   8.145 g 
14.11.2024 563,83 0 2703.61 1 2 3 4 5 -127.00
   8.145 g 
14.11.2024 568,83 0 2707.03 1 2 3 4 5 -127.00
   8.145 g 
14.11.2024 573,83 0 2702.93 1 2 3 4 5 -127.00
   8.140 g 
14.11.2024 578,83 0 2707.03 1 2 3 4 5 -127.00
   8.140 g 
14.11.2024 583,83 0 2708.40 1 2 3 4 5 -127.00
   8.140 g 
14.11.2024 588,83 0 2707.71 1 2 3 4 5 -127.00
   8.140 g 
14.11.2024 593,83 0 2704.98 1 2 3 4 5 -127.00
   8.205 g 
14.11.2024 598,83 0 2707.71 1 2 3 4 5 -127.00
   8.205 g 
14.11.2024 603,83 0 2703.61 1 2 3 4 5 -127.00
   8.200 g 
14.11.2024 608,83 0 2708.40 1 2 3 4 5 -127.00
   8.200 g 
14.11.2024 613,83 0 2707.71 1 2 3 4 5 -127.00
   8.200 g 
14.11.2024 618,83 0 2708.40 1 2 3 4 5 -127.00
   8.200 g 
14.11.2024 623,83 0 2709.08 1 2 3 4 5 -127.00
   8.195 g 
14.11.2024 628,83 0 2709.08 1 2 3 4 5 -127.00
   8.195 g 
14.11.2024 633,83 0 2709.08 1 2 3 4 5 -127.00
   8.260 g 
14.11.2024 638,83 0 2709.08 1 2 3 4 5 -127.00
   8.255 g 
14.11.2024 643,83 0 2709.08 1 2 3 4 5 -127.00
   8.255 g 
14.11.2024 648,83 0 2709.77 1 2 3 4 5 -127.00
   8.255 g 
14.11.2024 653,83 0 2709.77 1 2 3 4 5 -127.00
   8.255 g 
14.11.2024 658,83 0 2709.08 1 2 3 4 5 -127.00
   8.255 g 
14.11.2024 663,83 0 2710.45 1 2 3 4 5 -127.00
   8.255 g 
14.11.2024 668,83 0 2713.18 1 2 3 4 5 -127.00
   8.250 g 
14.11.2024 673,83 0 2720.70 1 2 3 4 5 -127.00
   8.310 g 
14.11.2024 678,83 0 2712.50 1 2 3 4 5 -127.00
   8.310 g 
14.11.2024 683,83 0 2714.55 1 2 3 4 5 -127.00
   8.310 g 
14.11.2024 688,83 0 2713.87 1 2 3 4 5 -127.00
   8.305 g 
14.11.2024 693,83 0 2716.60 1 2 3 4 5 -127.00
   8.305 g 
14.11.2024 698,83 0 2718.65 1 2 3 4 5 -127.00
   8.305 g 
14.11.2024 703,83 0 2722.07 1 2 3 4 5 -127.00
   8.305 g 
14.11.2024 708,83 0 2714.55 1 2 3 4 5 -127.00
   8.305 g 
14.11.2024 713,83 0 2719.34 1 2 3 4 5 -127.00
   8.305 g 
14.11.2024 718,83 0 2722.75 1 2 3 4 5 -127.00
   8.305 g 
14.11.2024 723,83 0 2717.97 1 2 3 4 5 -127.00
   8.305 g 
14.11.2024 728,83 0 2722.75 1 2 3 4 5 -127.00
   8.305 g 
14.11.2024 733,83 0 2720.70 1 2 3 4 5 -127.00
   8.360 g 
14.11.2024 738,83 0 2722.07 1 2 3 4 5 -127.00
   8.360 g 
14.11.2024 743,83 0 2722.75 1 2 3 4 5 -127.00
   8.360 g 
14.11.2024 748,83 0 2722.07 1 2 3 4 5 -127.00
   8.355 g 
14.11.2024 753,83 0 2720.02 1 2 3 4 5 -127.00
   8.355 g 
14.11.2024 758,83 0 2722.75 1 2 3 4 5 -127.00
   8.355 g 
14.11.2024 763,83 0 2722.75 1 2 3 4 5 -127.00
   8.355 g 
14.11.2024 768,83 0 2725.49 1 2 3 4 5 -127.00
   8.355 g 
14.11.2024 773,83 0 2722.75 1 2 3 4 5 -127.00
   8.410 g 
14.11.2024 778,83 0 2717.29 1 2 3 4 5 -127.00
   8.410 g 
14.11.2024 783,83 0 2725.49 1 2 3 4 5 -127.00
   8.410 g 
14.11.2024 788,83 0 2728.91 1 2 3 4 5 -127.00
   8.405 g 
14.11.2024 793,83 0 2725.49 1 2 3 4 5 -127.00
   8.405 g 
14.11.2024 798,83 0 2722.75 1 2 3 4 5 -127.00
   8.405 g 
14.11.2024 803,83 0 2730.27 1 2 3 4 5 -127.00
   8.405 g 
14.11.2024 808,83 0 2727.54 1 2 3 4 5 -127.00
   8.405 g 
14.11.2024 813,83 0 2722.07 1 2 3 4 5 -127.00
   8.460 g 
14.11.2024 818,83 0 2730.27 1 2 3 4 5 -127.00
   8.460 g 
14.11.2024 823,83 0 2730.27 1 2 3 4 5 -127.00
   8.460 g 
14.11.2024 828,83 0 2730.96 1 2 3 4 5 -127.00
   8.460 g 
14.11.2024 833,83 0 2730.27 1 2 3 4 5 -127.00
   8.460 g 
14.11.2024 838,83 0 2730.27 1 2 3 4 5 -127.00
   8.455 g 
14.11.2024 843,83 0 2728.22 1 2 3 4 5 -127.00
   8.455 g 
14.11.2024 848,83 0 2726.86 1 2 3 4 5 -127.00
   8.455 g 
14.11.2024 853,83 0 2730.27 1 2 3 4 5 -127.00
   8.455 g 
14.11.2024 858,83 0 2730.96 1 2 3 4 5 -127.00
   8.515 g 
14.11.2024 863,83 0 2731.64 1 2 3 4 5 -127.00
   8.510 g 
14.11.2024 868,83 0 2730.27 1 2 3 4 5 -127.00
   8.505 g 
14.11.2024 873,83 0 2730.27 1 2 3 4 5 -127.00
   8.505 g 
14.11.2024 878,83 0 2730.27 1 2 3 4 5 -127.00
   8.505 g 
14.11.2024 883,83 0 2726.86 1 2 3 4 5 -127.00
   8.505 g 
14.11.2024 888,83 0 2728.91 1 2 3 4 5 -127.00
   8.505 g 
14.11.2024 893,83 0 2730.96 1 2 3 4 5 -127.00
   8.505 g 
14.11.2024 898,83 0 2731.64 1 2 3 4 5 -127.00
   8.505 g 
14.11.2024 903,83 0 2737.11 1 2 3 4 5 -127.00
   8.565 g 
14.11.2024 908,83 0 2735.74 1 2 3 4 5 -127.00
   8.565 g 
14.11.2024 913,83 0 2730.27 1 2 3 4 5 -127.00
   8.565 g 
14.11.2024 918,83 0 2730.27 1 2 3 4 5 -127.00
   8.565 g 
14.11.2024 923,83 0 2732.32 1 2 3 4 5 -127.00
   8.560 g 
14.11.2024 928,83 0 2730.27 1 2 3 4 5 -127.00
   8.560 g 
14.11.2024 933,83 0 2737.11 1 2 3 4 5 -127.00
   8.560 g 
14.11.2024 938,83 0 2739.84 1 2 3 4 5 -127.00
   8.560 g 
14.11.2024 943,83 0 2742.58 1 2 3 4 5 -127.00
   8.560 g 
14.11.2024 948,83 0 2737.11 1 2 3 4 5 -127.00
   8.620 g 
14.11.2024 953,83 0 2737.79 1 2 3 4 5 -127.00
   8.620 g 
14.11.2024 958,83 0 2736.43 1 2 3 4 5 -127.00
   8.620 g 
14.11.2024 963,83 0 2730.27 1 2 3 4 5 -127.00
   8.620 g 
14.11.2024 968,83 0 2730.27 1 2 3 4 5 -127.00
   8.620 g 
14.11.2024 973,83 0 2730.27 1 2 3 4 5 -127.00
   8.615 g 
14.11.2024 978,83 0 2743.26 1 2 3 4 5 -127.00
   8.615 g 
14.11.2024 983,83 0 2746.00 1 2 3 4 5 -127.00
   8.615 g 
14.11.2024 988,83 0 2743.95 1 2 3 4 5 -127.00
   8.615 g 
14.11.2024 993,83 0 2737.11 1 2 3 4 5 -127.00
   8.615 g 
14.11.2024 998,83 0 2730.27 1 2 3 4 5 -127.00
   8.680 g 
14.11.2024 1003,83 0 2730.27 1 2 3 4 5 -127.00
   8.675 g 
14.11.2024 1008,83 0 2731.64 1 2 3 4 5 -127.00
   8.675 g 
14.11.2024 1013,83 0 2740.53 1 2 3 4 5 -127.00
   8.675 g 
14.11.2024 1018,83 0 2736.43 1 2 3 4 5 -127.00
   8.675 g 
14.11.2024 1023,83 0 2737.11 1 2 3 4 5 -127.00
   8.675 g 
14.11.2024 1028,83 0 2744.63 1 2 3 4 5 -127.00
   8.675 g 
14.11.2024 1033,83 0 2751.46 1 2 3 4 5 -127.00
   8.670 g 
14.11.2024 1038,83 0 2743.26 1 2 3 4 5 -127.00
   8.670 g 
14.11.2024 1043,83 0 2739.84 1 2 3 4 5 -127.00
   8.670 g 
14.11.2024 1048,83 0 2736.43 1 2 3 4 5 -127.00
   8.740 g 
14.11.2024 1053,83 0 2742.58 1 2 3 4 5 -127.00
   8.740 g 
14.11.2024 1058,83 0 2731.64 1 2 3 4 5 -127.00
   8.735 g 
14.11.2024 1063,83 0 2733.01 1 2 3 4 5 -127.00
   8.735 g 
14.11.2024 1068,83 0 2737.79 1 2 3 4 5 -127.00
   8.735 g 
14.11.2024 1073,83 0 2743.95 1 2 3 4 5 -127.00
   8.735 g 
14.11.2024 1078,83 0 2747.36 1 2 3 4 5 -127.00
   8.735 g 
14.11.2024 1083,83 0 2743.95 1 2 3 4 5 -127.00
   8.735 g 
14.11.2024 1088,83 0 2742.58 1 2 3 4 5 -127.00
   8.735 g 
14.11.2024 1093,83 0 2744.63 1 2 3 4 5 -127.00
   8.730 g 
14.11.2024 1098,83 0 2745.31 1 2 3 4 5 -127.00
   8.730 g 
14.11.2024 1103,83 0 2747.36 1 2 3 4 5 -127.00
   8.795 g 
14.11.2024 1108,83 0 2743.26 1 2 3 4 5 -127.00
   8.795 g 
14.11.2024 1113,83 0 2737.79 1 2 3 4 5 -127.00
   8.795 g 
14.11.2024 1118,83 0 2741.89 1 2 3 4 5 -127.00
   8.795 g 
14.11.2024 1123,83 0 2744.63 1 2 3 4 5 -127.00
   8.795 g 
14.11.2024 1128,83 0 2750.10 1 2 3 4 5 -127.00
   8.790 g 
14.11.2024 1133,83 0 2754.88 1 2 3 4 5 -127.00
   8.790 g 
14.11.2024 1138,83 0 2747.36 1 2 3 4 5 -127.00
   8.790 g 
14.11.2024 1143,83 0 2744.63 1 2 3 4 5 -127.00
   8.790 g 
14.11.2024 1148,83 0 2737.79 1 2 3 4 5 -127.00
   8.785 g 
14.11.2024 1153,83 0 2743.95 1 2 3 4 5 -127.00
   8.785 g 
14.11.2024 1158,83 0 2740.53 1 2 3 4 5 -127.00
   8.855 g 
14.11.2024 1163,83 0 2754.20 1 2 3 4 5 -127.00
   8.855 g 
14.11.2024 1168,83 0 2756.93 1 2 3 4 5 -127.00
   8.855 g 
14.11.2024 1173,83 0 2756.93 1 2 3 4 5 -127.00
   8.855 g 
14.11.2024 1178,83 0 2754.88 1 2 3 4 5 -127.00
   8.855 g 
14.11.2024 1183,83 0 2751.46 1 2 3 4 5 -127.00
   8.850 g 
14.11.2024 1188,84 0 2744.63 1 2 3 4 5 -127.00
   8.850 g 
14.11.2024 1193,84 0 2743.95 1 2 3 4 5 -127.00
   8.850 g 
14.11.2024 1198,84 0 2743.95 1 2 3 4 5 -127.00
   8.850 g 
14.11.2024 1203,84 0 2752.83 1 2 3 4 5 -127.00
   8.850 g 
14.11.2024 1208,84 0 2756.25 1 2 3 4 5 -127.00
   8.845 g 
14.11.2024 1213,84 0 2756.93 1 2 3 4 5 -127.00
   8.920 g 
14.11.2024 1218,84 0 2752.15 1 2 3 4 5 -127.00
   8.915 g 
14.11.2024 1223,84 0 2744.63 1 2 3 4 5 -127.00
   8.915 g 
14.11.2024 1228,84 0 2753.52 1 2 3 4 5 -127.00
   8.915 g 
14.11.2024 1233,84 0 2754.20 1 2 3 4 5 -127.00
   8.915 g 
14.11.2024 1238,84 0 2750.10 1 2 3 4 5 -127.00
   8.915 g 
14.11.2024 1243,84 0 2750.78 1 2 3 4 5 -127.00
   8.910 g 
14.11.2024 1248,84 0 2757.62 1 2 3 4 5 -127.00
   8.910 g 
14.11.2024 1253,84 0 2746.00 1 2 3 4 5 -127.00
   8.910 g 
14.11.2024 1258,84 0 2751.46 1 2 3 4 5 -127.00
   8.910 g 
14.11.2024 1263,84 0 2758.30 1 2 3 4 5 -127.00
   8.910 g 
14.11.2024 1268,84 0 2748.05 1 2 3 4 5 -127.00
   8.910 g 
14.11.2024 1273,84 0 2757.62 1 2 3 4 5 -127.00
   8.980 g 
14.11.2024 1278,84 0 2751.46 1 2 3 4 5 -127.00
   8.980 g 
14.11.2024 1283,84 0 2757.62 1 2 3 4 5 -127.00
   8.975 g 
14.11.2024 1288,84 0 2757.62 1 2 3 4 5 -127.00
   8.975 g 
14.11.2024 1293,84 0 2756.25 1 2 3 4 5 -127.00
   8.975 g 
14.11.2024 1298,84 0 2757.62 1 2 3 4 5 -127.00
   8.975 g 
14.11.2024 1303,84 0 2756.93 1 2 3 4 5 -127.00
   8.975 g 
14.11.2024 1308,84 0 2757.62 1 2 3 4 5 -127.00
   8.970 g 
14.11.2024 1313,84 0 2757.62 1 2 3 4 5 -127.00
   8.970 g 
14.11.2024 1318,84 0 2757.62 1 2 3 4 5 -127.00
   8.970 g 
14.11.2024 1323,84 0 2757.62 1 2 3 4 5 -127.00
   8.970 g 
14.11.2024 1328,84 0 2757.62 1 2 3 4 5 -127.00
   8.970 g 
14.11.2024 1333,84 0 2757.62 1 2 3 4 5 -127.00
   9.040 g 
14.11.2024 1338,84 0 2761.04 1 2 3 4 5 -127.00
   9.040 g 
14.11.2024 1343,84 0 2754.20 1 2 3 4 5 -127.00
   9.040 g 
14.11.2024 1348,84 0 2758.30 1 2 3 4 5 -127.00
   9.040 g 
14.11.2024 1353,84 0 2758.30 1 2 3 4 5 -127.00
   9.040 g 
14.11.2024 1358,84 0 2756.25 1 2 3 4 5 -127.00
   9.035 g 
14.11.2024 1363,84 0 2761.72 1 2 3 4 5 -127.00
   9.035 g 
14.11.2024 1368,84 0 2757.62 1 2 3 4 5 -127.00
   9.035 g 
14.11.2024 1373,84 0 2757.62 1 2 3 4 5 -127.00
   9.035 g 
14.11.2024 1378,84 0 2758.30 1 2 3 4 5 -127.00
   9.035 g 
14.11.2024 1383,84 0 2756.25 1 2 3 4 5 -127.00
   9.035 g 
14.11.2024 1388,84 0 2757.62 1 2 3 4 5 -127.00
   9.030 g 
14.11.2024 1393,84 0 2762.40 1 2 3 4 5 -127.00
   9.105 g 
14.11.2024 1398,84 0 2758.30 1 2 3 4 5 -127.00
   9.105 g 
14.11.2024 1403,84 0 2757.62 1 2 3 4 5 -127.00
   9.105 g 
14.11.2024 1408,84 0 2764.45 1 2 3 4 5 -127.00
   9.105 g 
14.11.2024 1413,84 0 2760.35 1 2 3 4 5 -127.00
   9.100 g 
14.11.2024 1418,84 0 2757.62 1 2 3 4 5 -127.00
   9.100 g 
14.11.2024 1423,84 0 2766.50 1 2 3 4 5 -127.00
   9.100 g 
14.11.2024 1428,84 0 2763.09 1 2 3 4 5 -127.00
   9.100 g 
14.11.2024 1433,84 0 2758.30 1 2 3 4 5 -127.00
   9.095 g 
14.11.2024 1438,84 0 2761.72 1 2 3 4 5 -127.00
   9.095 g 
14.11.2024 1443,84 0 2766.50 1 2 3 4 5 -127.00
   9.095 g 
14.11.2024 1448,84 0 2760.35 1 2 3 4 5 -127.00
   9.095 g 
14.11.2024 1453,84 0 2758.98 1 2 3 4 5 -127.00
   9.095 g 
14.11.2024 1458,84 0 2765.14 1 2 3 4 5 -127.00
   9.170 g 
14.11.2024 1463,84 0 2771.97 1 2 3 4 5 -127.00
   9.165 g 
14.11.2024 1468,84 0 2761.72 1 2 3 4 5 -127.00
   9.165 g 
14.11.2024 1473,84 0 2758.98 1 2 3 4 5 -127.00
   9.165 g 
14.11.2024 1478,84 0 2757.62 1 2 3 4 5 -127.00
   9.160 g 
14.11.2024 1483,84 0 2759.67 1 2 3 4 5 -127.00
   9.160 g 
14.11.2024 1488,84 0 2758.98 1 2 3 4 5 -127.00
   9.160 g 
14.11.2024 1493,84 0 2761.04 1 2 3 4 5 -127.00
   9.160 g 
14.11.2024 1498,84 0 2763.77 1 2 3 4 5 -127.00
   9.160 g 
14.11.2024 1503,84 0 2762.40 1 2 3 4 5 -127.00
   9.160 g 
14.11.2024 1508,84 0 2761.72 1 2 3 4 5 -127.00
   9.155 g 
14.11.2024 1513,84 0 2769.92 1 2 3 4 5 -127.00
   9.155 g 
14.11.2024 1518,84 0 2777.44 1 2 3 4 5 -127.00
   9.225 g 
14.11.2024 1523,84 0 2773.34 1 2 3 4 5 -127.00
   9.225 g 
14.11.2024 1528,84 0 2765.14 1 2 3 4 5 -127.00
   9.225 g 
14.11.2024 1533,84 0 2763.77 1 2 3 4 5 -127.00
   9.225 g 
14.11.2024 1538,84 0 2763.77 1 2 3 4 5 -127.00
   9.225 g 
14.11.2024 1543,84 0 2770.61 1 2 3 4 5 -127.00
   9.225 g 
14.11.2024 1548,84 0 2764.45 1 2 3 4 5 -127.00
   9.225 g 
14.11.2024 1553,84 0 2764.45 1 2 3 4 5 -127.00
   9.225 g 
14.11.2024 1558,84 0 2764.45 1 2 3 4 5 -127.00
   9.220 g 
14.11.2024 1563,84 0 2764.45 1 2 3 4 5 -127.00
   9.220 g 
14.11.2024 1568,84 0 2765.82 1 2 3 4 5 -127.00
   9.220 g 
14.11.2024 1573,84 0 2771.97 1 2 3 4 5 -127.00
   9.220 g 
14.11.2024 1578,84 0 2765.82 1 2 3 4 5 -127.00
   9.220 g 
14.11.2024 1583,84 0 2764.45 1 2 3 4 5 -127.00
   9.290 g 
14.11.2024 1588,84 0 2768.55 1 2 3 4 5 -127.00
   9.290 g 
14.11.2024 1593,84 0 2778.13 1 2 3 4 5 -127.00
   9.290 g 
14.11.2024 1598,84 0 2779.49 1 2 3 4 5 -127.00
   9.285 g 
14.11.2024 1603,84 0 2777.44 1 2 3 4 5 -127.00
   9.285 g 
14.11.2024 1608,84 0 2771.97 1 2 3 4 5 -127.00
   9.285 g 
14.11.2024 1613,84 0 2771.97 1 2 3 4 5 -127.00
   9.285 g 
14.11.2024 1618,84 0 2773.34 1 2 3 4 5 -127.00
   9.285 g 
14.11.2024 1623,84 0 2770.61 1 2 3 4 5 -127.00
   9.285 g 
14.11.2024 1628,84 0 2773.34 1 2 3 4 5 -127.00
   9.285 g 
14.11.2024 1633,84 0 2777.44 1 2 3 4 5 -127.00
   9.285 g 
14.11.2024 1638,84 0 2775.39 1 2 3 4 5 -127.00
   9.285 g 
14.11.2024 1643,84 0 2780.18 1 2 3 4 5 -127.00
   9.280 g 
14.11.2024 1648,84 0 2784.96 1 2 3 4 5 -127.00
   9.350 g 
14.11.2024 1653,84 0 2784.96 1 2 3 4 5 -127.00
   9.345 g 
14.11.2024 1658,84 0 2775.39 1 2 3 4 5 -127.00
   9.345 g 
14.11.2024 1663,84 0 2776.76 1 2 3 4 5 -127.00
   9.350 g 
14.11.2024 1668,84 0 2780.18 1 2 3 4 5 -127.00
   9.350 g 
14.11.2024 1673,84 0 2782.91 1 2 3 4 5 -127.00
   9.345 g 
14.11.2024 1678,84 0 2777.44 1 2 3 4 5 -127.00
   9.345 g 
14.11.2024 1683,84 0 2774.71 1 2 3 4 5 -127.00
   9.345 g 
14.11.2024 1688,84 0 2786.33 1 2 3 4 5 -127.00
   9.345 g 
14.11.2024 1693,84 0 2786.33 1 2 3 4 5 -127.00
   9.345 g 
14.11.2024 1698,84 0 2776.76 1 2 3 4 5 -127.00
   9.345 g 
14.11.2024 1703,84 0 2784.96 1 2 3 4 5 -127.00
   9.345 g 
14.11.2024 1708,84 0 2791.11 1 2 3 4 5 -127.00
   9.345 g 
14.11.2024 1713,84 0 2791.11 1 2 3 4 5 -127.00
   9.410 g 
14.11.2024 1718,84 0 2787.70 1 2 3 4 5 -127.00
   9.410 g 
14.11.2024 1723,84 0 2787.70 1 2 3 4 5 -127.00
   9.410 g 
14.11.2024 1728,84 0 2783.59 1 2 3 4 5 -127.00
   9.410 g 
14.11.2024 1733,84 0 2791.11 1 2 3 4 5 -127.00
   9.405 g 
14.11.2024 1738,84 0 2791.11 1 2 3 4 5 -127.00
   9.405 g 
14.11.2024 1743,84 0 2786.33 1 2 3 4 5 -127.00
   9.405 g 
14.11.2024 1748,84 0 2791.80 1 2 3 4 5 -127.00
   9.405 g 
14.11.2024 1753,84 0 2791.80 1 2 3 4 5 -127.00
   9.400 g 
14.11.2024 1758,84 0 2791.11 1 2 3 4 5 -127.00
   9.400 g 
14.11.2024 1763,84 0 2787.70 1 2 3 4 5 -127.00
   9.400 g 
14.11.2024 1768,84 0 2791.11 1 2 3 4 5 -127.00
   9.400 g 
14.11.2024 1773,84 0 2791.11 1 2 3 4 5 -127.00
   9.475 g 
14.11.2024 1778,84 0 2791.80 1 2 3 4 5 -127.00
   9.470 g 
14.11.2024 1783,84 0 2791.80 1 2 3 4 5 -127.00
   9.470 g 
14.11.2024 1788,84 0 2791.80 1 2 3 4 5 -127.00
   9.470 g 
14.11.2024 1793,84 0 2791.80 1 2 3 4 5 -127.00
   9.470 g 
14.11.2024 1798,84 0 2793.16 1 2 3 4 5 -127.00
   9.470 g 
14.11.2024 1803,84 0 2792.48 1 2 3 4 5 -127.00
   9.470 g 
14.11.2024 1808,84 0 2791.11 1 2 3 4 5 -127.00
   9.465 g 
14.11.2024 1813,84 0 2791.80 1 2 3 4 5 -127.00
   9.465 g 
14.11.2024 1818,84 0 2791.11 1 2 3 4 5 -127.00
   9.465 g 
14.11.2024 1823,84 0 2791.80 1 2 3 4 5 -127.00
   9.465 g 
14.11.2024 1828,84 0 2791.11 1 2 3 4 5 -127.00
   9.465 g 
14.11.2024 1833,84 0 2791.80 1 2 3 4 5 -127.00
   9.465 g 
14.11.2024 1838,84 0 2791.80 1 2 3 4 5 -127.00
   9.530 g 
14.11.2024 1843,84 0 2791.11 1 2 3 4 5 -127.00
   9.530 g 
14.11.2024 1848,84 0 2791.80 1 2 3 4 5 -127.00
   9.530 g 
14.11.2024 1853,84 0 2791.80 1 2 3 4 5 -127.00
   9.530 g 
14.11.2024 1858,84 0 2791.80 1 2 3 4 5 -127.00
   9.525 g 
14.11.2024 1863,84 0 2793.85 1 2 3 4 5 -127.00
   9.525 g 
14.11.2024 1868,84 0 2795.90 1 2 3 4 5 -127.00
   9.525 g 
14.11.2024 1873,84 0 2799.32 1 2 3 4 5 -127.00
   9.525 g 
14.11.2024 1878,84 0 2797.95 1 2 3 4 5 -127.00
   9.520 g 
14.11.2024 1883,84 0 2798.63 1 2 3 4 5 -127.00
   9.520 g 
14.11.2024 1888,84 0 2797.27 1 2 3 4 5 -127.00
   9.520 g 
14.11.2024 1893,84 0 2793.16 1 2 3 4 5 -127.00
   9.520 g 
14.11.2024 1898,84 0 2797.95 1 2 3 4 5 -127.00
   9.520 g 
14.11.2024 1903,84 0 2803.42 1 2 3 4 5 -127.00
   9.590 g 
14.11.2024 1908,84 0 2797.95 1 2 3 4 5 -127.00
   9.590 g 
14.11.2024 1913,84 0 2800.00 1 2 3 4 5 -127.00
   9.585 g 
14.11.2024 1918,84 0 2794.53 1 2 3 4 5 -127.00
   9.585 g 
14.11.2024 1923,84 0 2791.80 1 2 3 4 5 -127.00
   9.585 g 
14.11.2024 1928,84 0 2795.90 1 2 3 4 5 -127.00
   9.585 g 
14.11.2024 1933,84 0 2801.37 1 2 3 4 5 -127.00
   9.585 g 
14.11.2024 1938,84 0 2804.79 1 2 3 4 5 -127.00
   9.580 g 
14.11.2024 1943,84 0 2797.95 1 2 3 4 5 -127.00
   9.580 g 
14.11.2024 1948,84 0 2798.63 1 2 3 4 5 -127.00
   9.580 g 
14.11.2024 1953,84 0 2794.53 1 2 3 4 5 -127.00
   9.580 g 
14.11.2024 1958,84 0 2797.95 1 2 3 4 5 -127.00
   9.580 g 
14.11.2024 1963,84 0 2804.10 1 2 3 4 5 -127.00
   9.580 g 
14.11.2024 1968,84 0 2802.73 1 2 3 4 5 -127.00
   9.650 g 
14.11.2024 1973,84 0 2798.63 1 2 3 4 5 -127.00
   9.645 g 
14.11.2024 1978,84 0 2797.95 1 2 3 4 5 -127.00
   9.645 g 
14.11.2024 1983,84 0 2795.21 1 2 3 4 5 -127.00
   9.645 g 
14.11.2024 1988,84 0 2800.68 1 2 3 4 5 -127.00
   9.645 g 
14.11.2024 1993,84 0 2799.32 1 2 3 4 5 -127.00
   9.645 g 
14.11.2024 1998,84 0 2801.37 1 2 3 4 5 -127.00
   9.640 g 
14.11.2024 2003,84 0 2799.32 1 2 3 4 5 -127.00
   9.640 g 
14.11.2024 2008,84 0 2798.63 1 2 3 4 5 -127.00
   9.640 g 
14.11.2024 2013,84 0 2804.10 1 2 3 4 5 -127.00
   9.640 g 
14.11.2024 2018,84 0 2800.68 1 2 3 4 5 -127.00
   9.640 g 
14.11.2024 2023,84 0 2805.47 1 2 3 4 5 -127.00
   9.640 g 
14.11.2024 2028,84 0 2798.63 1 2 3 4 5 -127.00
   9.640 g 
14.11.2024 2033,84 0 2801.37 1 2 3 4 5 -127.00
   9.705 g 
14.11.2024 2038,84 0 2800.68 1 2 3 4 5 -127.00
   9.700 g 
14.11.2024 2043,84 0 2812.30 1 2 3 4 5 -127.00
   9.700 g 
14.11.2024 2048,84 0 2802.05 1 2 3 4 5 -127.00
   9.700 g 
14.11.2024 2053,84 0 2806.84 1 2 3 4 5 -127.00
   9.700 g 
14.11.2024 2058,84 0 2811.62 1 2 3 4 5 -127.00
   9.700 g 
14.11.2024 2063,84 0 2812.30 1 2 3 4 5 -127.00
   9.700 g 
14.11.2024 2068,84 0 2811.62 1 2 3 4 5 -127.00
   9.695 g 
14.11.2024 2073,84 0 2811.62 1 2 3 4 5 -127.00
   9.695 g 
14.11.2024 2078,84 0 2811.62 1 2 3 4 5 -127.00
   9.695 g 
14.11.2024 2083,84 0 2807.52 1 2 3 4 5 -127.00
   9.695 g 
14.11.2024 2088,84 0 2803.42 1 2 3 4 5 -127.00
   9.695 g 
14.11.2024 2093,84 0 2808.20 1 2 3 4 5 -127.00
   9.695 g 
14.11.2024 2098,84 0 2811.62 1 2 3 4 5 -127.00
   9.760 g 
14.11.2024 2103,84 0 2807.52 1 2 3 4 5 -127.00
   9.760 g 
14.11.2024 2108,84 0 2810.25 1 2 3 4 5 -127.00
   9.755 g 
14.11.2024 2113,84 0 2811.62 1 2 3 4 5 -127.00
   9.755 g 
14.11.2024 2118,84 0 2812.99 1 2 3 4 5 -127.00
   9.755 g 
14.11.2024 2123,84 0 2812.99 1 2 3 4 5 -127.00
   9.755 g 
14.11.2024 2128,84 0 2811.62 1 2 3 4 5 -127.00
   9.755 g 
14.11.2024 2133,84 0 2807.52 1 2 3 4 5 -127.00
   9.755 g 
14.11.2024 2138,84 0 2808.20 1 2 3 4 5 -127.00
   9.755 g 
14.11.2024 2143,84 0 2815.72 1 2 3 4 5 -127.00
   9.755 g 
14.11.2024 2148,84 0 2818.46 1 2 3 4 5 -127.00
   9.750 g 
14.11.2024 2153,84 0 2816.41 1 2 3 4 5 -127.00
   9.750 g 
14.11.2024 2158,84 0 2814.36 1 2 3 4 5 -127.00
   9.750 g 
14.11.2024 2163,84 0 2813.67 1 2 3 4 5 -127.00
   9.815 g 
14.11.2024 2168,84 0 2808.20 1 2 3 4 5 -127.00
   9.815 g 
14.11.2024 2173,84 0 2810.94 1 2 3 4 5 -127.00
   9.815 g 
14.11.2024 2178,84 0 2817.09 1 2 3 4 5 -127.00
   9.815 g 
14.11.2024 2183,84 0 2818.46 1 2 3 4 5 -127.00
   9.810 g 
14.11.2024 2188,84 0 2818.46 1 2 3 4 5 -127.00
   9.810 g 
14.11.2024 2193,84 0 2812.99 1 2 3 4 5 -127.00
   9.810 g 
14.11.2024 2198,84 0 2814.36 1 2 3 4 5 -127.00
   9.810 g 
14.11.2024 2203,84 0 2812.99 1 2 3 4 5 -127.00
   9.810 g 
14.11.2024 2208,84 0 2815.04 1 2 3 4 5 -127.00
   9.810 g 
14.11.2024 2213,84 0 2807.52 1 2 3 4 5 -127.00
   9.810 g 
14.11.2024 2218,84 0 2815.04 1 2 3 4 5 -127.00
   9.810 g 
14.11.2024 2223,84 0 2818.46 1 2 3 4 5 -127.00
   9.805 g 
14.11.2024 2228,84 0 2815.04 1 2 3 4 5 -127.00
   9.875 g 
14.11.2024 2233,84 0 2812.99 1 2 3 4 5 -127.00
   9.870 g 
14.11.2024 2238,84 0 2818.46 1 2 3 4 5 -127.00
   9.870 g 
14.11.2024 2243,84 0 2818.46 1 2 3 4 5 -127.00
   9.870 g 
14.11.2024 2248,84 0 2819.14 1 2 3 4 5 -127.00
   9.870 g 
14.11.2024 2253,84 0 2817.09 1 2 3 4 5 -127.00
   9.865 g 
14.11.2024 2258,84 0 2818.46 1 2 3 4 5 -127.00
   9.865 g 
14.11.2024 2263,84 0 2817.77 1 2 3 4 5 -127.00
   9.865 g 
14.11.2024 2268,84 0 2817.77 1 2 3 4 5 -127.00
   9.865 g 
14.11.2024 2273,84 0 2819.82 1 2 3 4 5 -127.00
   9.865 g 
14.11.2024 2278,84 0 2820.51 1 2 3 4 5 -127.00
   9.865 g 
14.11.2024 2283,84 0 2820.51 1 2 3 4 5 -127.00
   9.865 g 
14.11.2024 2288,84 0 2819.14 1 2 3 4 5 -127.00
   9.865 g 
14.11.2024 2293,84 0 2818.46 1 2 3 4 5 -127.00
   9.930 g 
14.11.2024 2298,84 0 2818.46 1 2 3 4 5 -127.00
   9.930 g 
14.11.2024 2303,84 0 2818.46 1 2 3 4 5 -127.00
   9.925 g 
14.11.2024 2308,84 0 2819.82 1 2 3 4 5 -127.00
   9.925 g 
14.11.2024 2313,84 0 2819.82 1 2 3 4 5 -127.00
   9.925 g 
14.11.2024 2318,84 0 2820.51 1 2 3 4 5 -127.00
   9.925 g 
14.11.2024 2323,84 0 2819.14 1 2 3 4 5 -127.00
   9.925 g 
14.11.2024 2328,84 0 2818.46 1 2 3 4 5 -127.00
   9.925 g 
14.11.2024 2333,84 0 2818.46 1 2 3 4 5 -127.00
   9.925 g 
14.11.2024 2338,84 0 2818.46 1 2 3 4 5 -127.00
   9.920 g 
14.11.2024 2343,84 0 2818.46 1 2 3 4 5 -127.00
   9.920 g 
14.11.2024 2348,84 0 2818.46 1 2 3 4 5 -127.00
   9.920 g 
14.11.2024 2353,84 0 2818.46 1 2 3 4 5 -127.00
   9.920 g 
14.11.2024 2358,84 0 2818.46 1 2 3 4 5 -127.00
   9.985 g 
14.11.2024 2363,84 0 2823.93 1 2 3 4 5 -127.00
   9.985 g 
14.11.2024 2368,84 0 2824.61 1 2 3 4 5 -127.00
   9.985 g 
14.11.2024 2373,84 0 2825.29 1 2 3 4 5 -127.00
   9.980 g 
14.11.2024 2378,84 0 2825.98 1 2 3 4 5 -127.00
   9.980 g 
14.11.2024 2383,84 0 2826.66 1 2 3 4 5 -127.00
   9.980 g 
14.11.2024 2388,84 0 2820.51 1 2 3 4 5 -127.00
   9.980 g 
14.11.2024 2393,84 0 2827.34 1 2 3 4 5 -127.00
   9.980 g 
14.11.2024 2398,84 0 2829.39 1 2 3 4 5 -127.00
   9.980 g 
14.11.2024 2403,84 0 2829.39 1 2 3 4 5 -127.00
   9.975 g 
14.11.2024 2408,84 0 2818.46 1 2 3 4 5 -127.00
   9.975 g 
14.11.2024 2413,84 0 2819.14 1 2 3 4 5 -127.00
   9.975 g 
14.11.2024 2418,84 0 2818.46 1 2 3 4 5 -127.00
   9.975 g 
14.11.2024 2423,84 0 2818.46 1 2 3 4 5 -127.00
   9.975 g 
14.11.2024 2428,84 0 2819.82 1 2 3 4 5 -127.00
  10.040 g 
14.11.2024 2433,84 0 2818.46 1 2 3 4 5 -127.00
  10.040 g 
14.11.2024 2438,84 0 2818.46 1 2 3 4 5 -127.00
  10.035 g 
14.11.2024 2443,84 0 2823.24 1 2 3 4 5 -127.00
  10.035 g 
14.11.2024 2448,84 0 2832.13 1 2 3 4 5 -127.00
  10.035 g 
14.11.2024 2453,84 0 2825.29 1 2 3 4 5 -127.00
  10.035 g 
14.11.2024 2458,84 0 2823.93 1 2 3 4 5 -127.00
  10.035 g 
14.11.2024 2463,84 0 2823.24 1 2 3 4 5 -127.00
  10.035 g 
14.11.2024 2468,84 0 2825.98 1 2 3 4 5 -127.00
  10.030 g 
14.11.2024 2473,84 0 2832.13 1 2 3 4 5 -127.00
  10.030 g 
14.11.2024 2478,84 0 2823.24 1 2 3 4 5 -127.00
  10.030 g 
14.11.2024 2483,84 0 2819.14 1 2 3 4 5 -127.00
  10.030 g 
14.11.2024 2488,84 0 2824.61 1 2 3 4 5 -127.00
  10.030 g 
14.11.2024 2493,84 0 2832.13 1 2 3 4 5 -127.00
  10.095 g 
14.11.2024 2498,84 0 2826.66 1 2 3 4 5 -127.00
  10.095 g 
14.11.2024 2503,84 0 2821.19 1 2 3 4 5 -127.00
  10.095 g 
14.11.2024 2508,84 0 2832.13 1 2 3 4 5 -127.00
  10.095 g 
14.11.2024 2513,84 0 2833.50 1 2 3 4 5 -127.00
  10.095 g 
14.11.2024 2518,84 0 2827.34 1 2 3 4 5 -127.00
  10.090 g 
14.11.2024 2523,84 0 2821.88 1 2 3 4 5 -127.00
  10.090 g 
14.11.2024 2528,84 0 2824.61 1 2 3 4 5 -127.00
  10.090 g 
14.11.2024 2533,84 0 2830.08 1 2 3 4 5 -127.00
  10.085 g 
14.11.2024 2538,84 0 2828.03 1 2 3 4 5 -127.00
  10.090 g 
14.11.2024 2543,84 0 2831.45 1 2 3 4 5 -127.00
  10.085 g 
14.11.2024 2548,84 0 2830.76 1 2 3 4 5 -127.00
  10.085 g 
14.11.2024 2553,84 0 2832.13 1 2 3 4 5 -127.00
  10.085 g 
14.11.2024 2558,84 0 2827.34 1 2 3 4 5 -127.00
  10.085 g 
14.11.2024 2563,84 0 2830.08 1 2 3 4 5 -127.00
  10.150 g 
14.11.2024 2568,84 0 2829.39 1 2 3 4 5 -127.00
  10.145 g 
14.11.2024 2573,84 0 2833.50 1 2 3 4 5 -127.00
  10.145 g 
14.11.2024 2578,84 0 2832.81 1 2 3 4 5 -127.00
  10.145 g 
14.11.2024 2583,84 0 2825.98 1 2 3 4 5 -127.00
  10.145 g 
14.11.2024 2588,84 0 2829.39 1 2 3 4 5 -127.00
  10.145 g 
14.11.2024 2593,84 0 2837.60 1 2 3 4 5 -127.00
  10.145 g 
14.11.2024 2598,84 0 2832.13 1 2 3 4 5 -127.00
  10.145 g 
14.11.2024 2603,84 0 2827.34 1 2 3 4 5 -127.00
  10.145 g 
14.11.2024 2608,84 0 2829.39 1 2 3 4 5 -127.00
  10.145 g 
14.11.2024 2613,84 0 2834.18 1 2 3 4 5 -127.00
  10.140 g 
14.11.2024 2618,84 0 2832.13 1 2 3 4 5 -127.00
  10.140 g 
14.11.2024 2623,84 0 2832.13 1 2 3 4 5 -127.00
  10.140 g 
14.11.2024 2628,84 0 2832.13 1 2 3 4 5 -127.00
  10.205 g 
14.11.2024 2633,84 0 2830.76 1 2 3 4 5 -127.00
  10.205 g 
14.11.2024 2638,84 0 2823.24 1 2 3 4 5 -127.00
  10.205 g 
14.11.2024 2643,84 0 2827.34 1 2 3 4 5 -127.00
  10.200 g 
14.11.2024 2648,84 0 2833.50 1 2 3 4 5 -127.00
  10.200 g 
14.11.2024 2653,84 0 2834.18 1 2 3 4 5 -127.00
  10.200 g 
14.11.2024 2658,84 0 2837.60 1 2 3 4 5 -127.00
  10.200 g 
14.11.2024 2663,84 0 2832.13 1 2 3 4 5 -127.00
  10.200 g 
14.11.2024 2668,84 0 2826.66 1 2 3 4 5 -127.00
  10.200 g 
14.11.2024 2673,84 0 2831.45 1 2 3 4 5 -127.00
  10.200 g 
14.11.2024 2678,84 0 2831.45 1 2 3 4 5 -127.00
  10.195 g 
14.11.2024 2683,84 0 2832.13 1 2 3 4 5 -127.00
  10.195 g 
14.11.2024 2688,84 0 2834.18 1 2 3 4 5 -127.00
  10.195 g 
14.11.2024 2693,84 0 2832.13 1 2 3 4 5 -127.00
  10.195 g 
14.11.2024 2698,84 0 2837.60 1 2 3 4 5 -127.00
  10.260 g 
14.11.2024 2703,84 0 2837.60 1 2 3 4 5 -127.00
  10.255 g 
14.11.2024 2708,84 0 2834.18 1 2 3 4 5 -127.00
  10.255 g 
14.11.2024 2713,84 0 2832.13 1 2 3 4 5 -127.00
  10.255 g 
14.11.2024 2718,84 0 2831.45 1 2 3 4 5 -127.00
  10.255 g 
14.11.2024 2723,84 0 2830.76 1 2 3 4 5 -127.00
  10.255 g 
14.11.2024 2728,84 0 2832.13 1 2 3 4 5 -127.00
  10.255 g 
14.11.2024 2733,84 0 2836.23 1 2 3 4 5 -127.00
  10.255 g 
14.11.2024 2738,84 0 2837.60 1 2 3 4 5 -127.00
  10.250 g 
14.11.2024 2743,84 0 2836.23 1 2 3 4 5 -127.00
  10.250 g 
14.11.2024 2748,84 0 2839.65 1 2 3 4 5 -127.00
  10.250 g 
14.11.2024 2753,84 0 2838.96 1 2 3 4 5 -127.00
  10.250 g 
14.11.2024 2758,84 0 2838.96 1 2 3 4 5 -127.00
  10.250 g 
14.11.2024 2763,84 0 2838.96 1 2 3 4 5 -127.00
  10.310 g 
14.11.2024 2768,84 0 2838.96 1 2 3 4 5 -127.00
  10.310 g 
14.11.2024 2773,84 0 2835.55 1 2 3 4 5 -127.00
  10.310 g 
14.11.2024 2778,84 0 2834.86 1 2 3 4 5 -127.00
  10.310 g 
14.11.2024 2783,84 0 2832.13 1 2 3 4 5 -127.00
  10.310 g 
14.11.2024 2788,84 0 2833.50 1 2 3 4 5 -127.00
  10.310 g 
14.11.2024 2793,84 0 2834.18 1 2 3 4 5 -127.00
  10.305 g 
14.11.2024 2798,84 0 2831.45 1 2 3 4 5 -127.00
  10.305 g 
14.11.2024 2803,84 0 2837.60 1 2 3 4 5 -127.00
  10.305 g 
14.11.2024 2808,84 0 2832.13 1 2 3 4 5 -127.00
  10.305 g 
14.11.2024 2813,84 0 2832.81 1 2 3 4 5 -127.00
  10.305 g 
14.11.2024 2818,84 0 2833.50 1 2 3 4 5 -127.00
  10.300 g 
14.11.2024 2823,84 0 2836.91 1 2 3 4 5 -127.00
  10.300 g 
14.11.2024 2828,84 0 2836.91 1 2 3 4 5 -127.00
  10.300 g 
14.11.2024 2833,84 0 2839.65 1 2 3 4 5 -127.00
  10.370 g 
14.11.2024 2838,84 0 2839.65 1 2 3 4 5 -127.00
  10.365 g 
14.11.2024 2843,84 0 2839.65 1 2 3 4 5 -127.00
  10.365 g 
14.11.2024 2848,84 0 2837.60 1 2 3 4 5 -127.00
  10.365 g 
14.11.2024 2853,84 0 2839.65 1 2 3 4 5 -127.00
  10.365 g 
14.11.2024 2858,84 0 2838.28 1 2 3 4 5 -127.00
  10.365 g 
14.11.2024 2863,84 0 2839.65 1 2 3 4 5 -127.00
  10.365 g 
14.11.2024 2868,84 0 2839.65 1 2 3 4 5 -127.00
  10.365 g 
14.11.2024 2873,84 0 2839.65 1 2 3 4 5 -127.00
  10.360 g 
14.11.2024 2878,84 0 2838.96 1 2 3 4 5 -127.00
  10.360 g 
14.11.2024 2883,84 0 2836.91 1 2 3 4 5 -127.00
  10.360 g 
14.11.2024 2888,84 0 2833.50 1 2 3 4 5 -127.00
  10.360 g 
14.11.2024 2893,84 0 2836.23 1 2 3 4 5 -127.00
  10.355 g 
14.11.2024 2898,84 0 2838.96 1 2 3 4 5 -127.00
  10.355 g 
14.11.2024 2903,84 0 2833.50 1 2 3 4 5 -127.00
  10.420 g 
14.11.2024 2908,84 0 2835.55 1 2 3 4 5 -127.00
  10.420 g 
14.11.2024 2913,84 0 2838.28 1 2 3 4 5 -127.00
  10.420 g 
14.11.2024 2918,84 0 2838.28 1 2 3 4 5 -127.00
  10.420 g 
14.11.2024 2923,84 0 2839.65 1 2 3 4 5 -127.00
  10.420 g 
14.11.2024 2928,84 0 2837.60 1 2 3 4 5 -127.00
  10.415 g 
14.11.2024 2933,84 0 2838.28 1 2 3 4 5 -127.00
  10.415 g 
14.11.2024 2938,84 0 2838.28 1 2 3 4 5 -127.00
  10.415 g 
14.11.2024 2943,84 0 2839.65 1 2 3 4 5 -127.00
  10.415 g 
14.11.2024 2948,84 0 2840.33 1 2 3 4 5 -127.00
  10.415 g 
14.11.2024 2953,84 0 2839.65 1 2 3 4 5 -127.00
  10.415 g 
14.11.2024 2958,84 0 2839.65 1 2 3 4 5 -127.00
  10.415 g 
14.11.2024 2963,84 0 2845.12 1 2 3 4 5 -127.00
  10.410 g 
14.11.2024 2968,84 0 2840.33 1 2 3 4 5 -127.00
  10.410 g 
14.11.2024 2973,84 0 2839.65 1 2 3 4 5 -127.00
  10.475 g 
14.11.2024 2978,84 0 2839.65 1 2 3 4 5 -127.00
  10.475 g 
14.11.2024 2983,84 0 2839.65 1 2 3 4 5 -127.00
  10.475 g 
14.11.2024 2988,84 0 2839.65 1 2 3 4 5 -127.00
  10.475 g 
14.11.2024 2993,84 0 2838.96 1 2 3 4 5 -127.00
  10.475 g 
14.11.2024 2998,84 0 2839.65 1 2 3 4 5 -127.00
  10.470 g 
14.11.2024 3003,84 0 2842.38 1 2 3 4 5 -127.00
  10.470 g 
14.11.2024 3008,84 0 2839.65 1 2 3 4 5 -127.00
  10.470 g 
14.11.2024 3013,84 0 2845.12 1 2 3 4 5 -127.00
  10.470 g 
14.11.2024 3018,84 0 2843.75 1 2 3 4 5 -127.00
  10.470 g 
14.11.2024 3023,84 0 2847.17 1 2 3 4 5 -127.00
  10.470 g 
14.11.2024 3028,84 0 2840.33 1 2 3 4 5 -127.00
  10.465 g 
14.11.2024 3033,84 0 2841.02 1 2 3 4 5 -127.00
  10.465 g 
14.11.2024 3038,84 0 2841.02 1 2 3 4 5 -127.00
  10.465 g 
14.11.2024 3043,84 0 2838.96 1 2 3 4 5 -127.00
  10.465 g 
14.11.2024 3048,84 0 2839.65 1 2 3 4 5 -127.00
  10.530 g 
14.11.2024 3053,84 0 2841.70 1 2 3 4 5 -127.00
  10.530 g 
14.11.2024 3058,84 0 2846.48 1 2 3 4 5 -127.00
  10.530 g 
14.11.2024 3063,84 0 2839.65 1 2 3 4 5 -127.00
  10.530 g 
14.11.2024 3068,84 0 2839.65 1 2 3 4 5 -127.00
  10.530 g 
14.11.2024 3073,84 0 2839.65 1 2 3 4 5 -127.00
  10.525 g 
14.11.2024 3078,84 0 2839.65 1 2 3 4 5 -127.00
  10.525 g 
14.11.2024 3083,84 0 2840.33 1 2 3 4 5 -127.00
  10.525 g 
14.11.2024 3088,84 0 2849.22 1 2 3 4 5 -127.00
  10.525 g 
14.11.2024 3093,84 0 2840.33 1 2 3 4 5 -127.00
  10.525 g 
14.11.2024 3098,84 0 2838.96 1 2 3 4 5 -127.00
  10.525 g 
14.11.2024 3103,84 0 2839.65 1 2 3 4 5 -127.00
  10.520 g 
14.11.2024 3108,84 0 2839.65 1 2 3 4 5 -127.00
  10.520 g 
14.11.2024 3113,84 0 2839.65 1 2 3 4 5 -127.00
  10.520 g 
14.11.2024 3118,84 0 2839.65 1 2 3 4 5 -127.00
  10.585 g 
14.11.2024 3123,84 0 2839.65 1 2 3 4 5 -127.00
  10.585 g 
14.11.2024 3128,84 0 2838.96 1 2 3 4 5 -127.00
  10.580 g 
14.11.2024 3133,84 0 2839.65 1 2 3 4 5 -127.00
  10.580 g 
14.11.2024 3138,84 0 2839.65 1 2 3 4 5 -127.00
  10.580 g 
14.11.2024 3143,84 0 2839.65 1 2 3 4 5 -127.00
  10.580 g 
14.11.2024 3148,84 0 2841.02 1 2 3 4 5 -127.00
  10.580 g 
14.11.2024 3153,84 0 2849.22 1 2 3 4 5 -127.00
  10.580 g 
14.11.2024 3158,84 0 2849.90 1 2 3 4 5 -127.00
  10.575 g 
14.11.2024 3163,84 0 2852.64 1 2 3 4 5 -127.00
  10.575 g 
14.11.2024 3168,84 0 2849.90 1 2 3 4 5 -127.00
  10.575 g 
14.11.2024 3173,84 0 2851.95 1 2 3 4 5 -127.00
  10.575 g 
14.11.2024 3178,84 0 2847.17 1 2 3 4 5 -127.00
  10.575 g 
14.11.2024 3183,84 0 2840.33 1 2 3 4 5 -127.00
  10.575 g 
14.11.2024 3188,84 0 2839.65 1 2 3 4 5 -127.00
  10.640 g 
14.11.2024 3193,84 0 2843.75 1 2 3 4 5 -127.00
  10.640 g 
14.11.2024 3198,84 0 2840.33 1 2 3 4 5 -127.00
  10.640 g 
14.11.2024 3203,84 0 2841.70 1 2 3 4 5 -127.00
  10.640 g 
14.11.2024 3208,84 0 2839.65 1 2 3 4 5 -127.00
  10.635 g 
14.11.2024 3213,84 0 2840.33 1 2 3 4 5 -127.00
  10.635 g 
14.11.2024 3218,84 0 2839.65 1 2 3 4 5 -127.00
  10.635 g 
14.11.2024 3223,84 0 2840.33 1 2 3 4 5 -127.00
  10.635 g 
14.11.2024 3228,84 0 2839.65 1 2 3 4 5 -127.00
  10.635 g 
14.11.2024 3233,84 0 2839.65 1 2 3 4 5 -127.00
  10.630 g 
14.11.2024 3238,84 0 2839.65 1 2 3 4 5 -127.00
  10.635 g 
14.11.2024 3243,84 0 2847.17 1 2 3 4 5 -127.00
  10.630 g 
14.11.2024 3248,84 0 2852.64 1 2 3 4 5 -127.00
  10.630 g 
14.11.2024 3253,84 0 2852.64 1 2 3 4 5 -127.00
  10.630 g 
14.11.2024 3258,84 0 2851.95 1 2 3 4 5 -127.00
  10.630 g 
14.11.2024 3263,84 0 2848.54 1 2 3 4 5 -127.00
  10.695 g 
14.11.2024 3268,84 0 2851.95 1 2 3 4 5 -127.00
  10.690 g 
14.11.2024 3273,84 0 2842.38 1 2 3 4 5 -127.00
  10.690 g 
14.11.2024 3278,84 0 2847.85 1 2 3 4 5 -127.00
  10.690 g 
14.11.2024 3283,84 0 2841.70 1 2 3 4 5 -127.00
  10.690 g 
14.11.2024 3288,84 0 2840.33 1 2 3 4 5 -127.00
  10.690 g 
14.11.2024 3293,84 0 2852.64 1 2 3 4 5 -127.00
  10.690 g 
14.11.2024 3298,84 0 2850.59 1 2 3 4 5 -127.00
  10.690 g 
14.11.2024 3303,84 0 2852.64 1 2 3 4 5 -127.00
  10.685 g 
14.11.2024 3308,84 0 2852.64 1 2 3 4 5 -127.00
  10.685 g 
14.11.2024 3313,84 0 2850.59 1 2 3 4 5 -127.00
  10.685 g 
14.11.2024 3318,84 0 2851.95 1 2 3 4 5 -127.00
  10.685 g 
14.11.2024 3323,84 0 2851.27 1 2 3 4 5 -127.00
  10.685 g 
14.11.2024 3328,84 0 2856.74 1 2 3 4 5 -127.00
  10.685 g 
14.11.2024 3333,84 0 2853.32 1 2 3 4 5 -127.00
  10.680 g 
14.11.2024 3338,84 0 2852.64 1 2 3 4 5 -127.00
  10.750 g 
14.11.2024 3343,84 0 2848.54 1 2 3 4 5 -127.00
  10.745 g 
14.11.2024 3348,84 0 2843.75 1 2 3 4 5 -127.00
  10.745 g 
14.11.2024 3353,84 0 2845.12 1 2 3 4 5 -127.00
  10.745 g 
14.11.2024 3358,84 0 2845.12 1 2 3 4 5 -127.00
  10.745 g 
14.11.2024 3363,84 0 2840.33 1 2 3 4 5 -127.00
  10.745 g 
14.11.2024 3368,84 0 2841.70 1 2 3 4 5 -127.00
  10.745 g 
14.11.2024 3373,84 0 2845.12 1 2 3 4 5 -127.00
  10.740 g 
14.11.2024 3378,84 0 2845.12 1 2 3 4 5 -127.00
  10.740 g 
14.11.2024 3383,84 0 2856.05 1 2 3 4 5 -127.00
  10.740 g 
14.11.2024 3388,84 0 2853.32 1 2 3 4 5 -127.00
  10.740 g 
14.11.2024 3393,84 0 2856.74 1 2 3 4 5 -127.00
  10.740 g 
14.11.2024 3398,84 0 2853.32 1 2 3 4 5 -127.00
  10.740 g 
14.11.2024 3403,84 0 2852.64 1 2 3 4 5 -127.00
  10.740 g 
14.11.2024 3408,84 0 2850.59 1 2 3 4 5 -127.00
  10.800 g 
14.11.2024 3413,84 0 2849.90 1 2 3 4 5 -127.00
  10.800 g 
14.11.2024 3418,84 0 2845.12 1 2 3 4 5 -127.00
  10.800 g 
14.11.2024 3423,84 0 2851.27 1 2 3 4 5 -127.00
  10.800 g 
14.11.2024 3428,84 0 2851.95 1 2 3 4 5 -127.00
  10.800 g 
14.11.2024 3433,84 0 2845.12 1 2 3 4 5 -127.00
  10.800 g 
14.11.2024 3438,84 0 2851.95 1 2 3 4 5 -127.00
  10.800 g 
14.11.2024 3443,84 0 2852.64 1 2 3 4 5 -127.00
  10.795 g 
14.11.2024 3448,84 0 2854.69 1 2 3 4 5 -127.00
  10.795 g 
14.11.2024 3453,84 0 2856.74 1 2 3 4 5 -127.00
  10.795 g 
14.11.2024 3458,84 0 2863.57 1 2 3 4 5 -127.00
  10.790 g 
14.11.2024 3463,84 0 2862.21 1 2 3 4 5 -127.00
  10.795 g 
14.11.2024 3468,84 0 2858.79 1 2 3 4 5 -127.00
  10.790 g 
14.11.2024 3473,84 0 2845.12 1 2 3 4 5 -127.00
  10.790 g 
14.11.2024 3478,84 0 2852.64 1 2 3 4 5 -127.00
  10.790 g 
14.11.2024 3483,84 0 2854.69 1 2 3 4 5 -127.00
  10.855 g 
14.11.2024 3488,84 0 2855.37 1 2 3 4 5 -127.00
  10.855 g 
14.11.2024 3493,84 0 2854.69 1 2 3 4 5 -127.00
  10.855 g 
14.11.2024 3498,84 0 2847.85 1 2 3 4 5 -127.00
  10.855 g 
14.11.2024 3503,84 0 2853.32 1 2 3 4 5 -127.00
  10.855 g 
14.11.2024 3508,84 0 2858.79 1 2 3 4 5 -127.00
  10.850 g 
14.11.2024 3513,84 0 2854.00 1 2 3 4 5 -127.00
  10.850 g 
14.11.2024 3518,84 0 2859.47 1 2 3 4 5 -127.00
  10.850 g 
14.11.2024 3523,84 0 2852.64 1 2 3 4 5 -127.00
  10.850 g 
14.11.2024 3528,84 0 2851.95 1 2 3 4 5 -127.00
  10.850 g 
14.11.2024 3533,84 0 2858.79 1 2 3 4 5 -127.00
  10.850 g 
14.11.2024 3538,84 0 2862.89 1 2 3 4 5 -127.00
  10.850 g 
14.11.2024 3543,84 0 2851.95 1 2 3 4 5 -127.00
  10.850 g 
14.11.2024 3548,84 0 2847.85 1 2 3 4 5 -127.00
  10.850 g 
14.11.2024 3553,84 0 2852.64 1 2 3 4 5 -127.00
  10.850 g 
14.11.2024 3558,84 0 2861.52 1 2 3 4 5 -127.00
  10.915 g 
14.11.2024 3563,84 0 2854.00 1 2 3 4 5 -127.00
  10.910 g 
14.11.2024 3568,84 0 2860.84 1 2 3 4 5 -127.00
  10.910 g 
14.11.2024 3573,84 0 2863.57 1 2 3 4 5 -127.00
  10.910 g 
14.11.2024 3578,84 0 2864.94 1 2 3 4 5 -127.00
  10.910 g 
14.11.2024 3583,84 0 2862.21 1 2 3 4 5 -127.00
  10.905 g 
14.11.2024 3588,84 0 2865.63 1 2 3 4 5 -127.00
  10.905 g 
14.11.2024 3593,84 0 2865.63 1 2 3 4 5 -127.00
  10.905 g 
14.11.2024 3598,84 0 2854.69 1 2 3 4 5 -127.00
  10.905 g 
14.11.2024 3603,84 0 2852.64 1 2 3 4 5 -127.00
  10.905 g 
14.11.2024 3608,84 0 2859.47 1 2 3 4 5 -127.00
  10.905 g 
14.11.2024 3613,84 0 2866.31 1 2 3 4 5 -127.00
  10.905 g 
14.11.2024 3623,84 0 2854.69 1 2 3 4 5 -127.00
  10.900 g 
14.11.2024 3633,84 0 2866.99 1 2 3 4 5 -127.00
  10.900 g 
14.11.2024 3643,84 0 2851.95 1 2 3 4 5 -127.00
  10.965 g 
14.11.2024 3653,84 0 2863.57 1 2 3 4 5 -127.00
  10.965 g 
14.11.2024 3663,84 0 2860.16 1 2 3 4 5 -127.00
  10.965 g 
14.11.2024 3673,84 0 2862.21 1 2 3 4 5 -127.00
  10.960 g 
14.11.2024 3683,84 0 2858.79 1 2 3 4 5 -127.00
  10.960 g 
14.11.2024 3693,84 0 2856.74 1 2 3 4 5 -127.00
  10.955 g 
14.11.2024 3703,84 0 2866.31 1 2 3 4 5 -127.00
  10.955 g 
14.11.2024 3713,84 0 2855.37 1 2 3 4 5 -127.00
  11.025 g 
14.11.2024 3723,84 0 2866.31 1 2 3 4 5 -127.00
  11.020 g 
14.11.2024 3733,84 0 2859.47 1 2 3 4 5 -127.00
  11.020 g 
14.11.2024 3743,84 0 2865.63 1 2 3 4 5 -127.00
  11.020 g 
14.11.2024 3753,84 0 2864.94 1 2 3 4 5 -127.00
  11.015 g 
14.11.2024 3763,84 0 2855.37 1 2 3 4 5 -127.00
  11.015 g 
14.11.2024 3773,84 0 2856.74 1 2 3 4 5 -127.00
  11.015 g 
14.11.2024 3783,84 0 2866.31 1 2 3 4 5 -127.00
  11.015 g 
14.11.2024 3793,84 0 2855.37 1 2 3 4 5 -127.00
  11.075 g 
14.11.2024 3803,84 0 2866.99 1 2 3 4 5 -127.00
  11.070 g 
14.11.2024 3813,84 0 2862.21 1 2 3 4 5 -127.00
  11.070 g 
14.11.2024 3823,84 0 2866.31 1 2 3 4 5 -127.00
  11.070 g 
14.11.2024 3833,84 0 2866.31 1 2 3 4 5 -127.00
  11.070 g 
14.11.2024 3843,84 0 2866.31 1 2 3 4 5 -127.00
  11.065 g 
14.11.2024 3853,84 0 2864.26 1 2 3 4 5 -127.00
  11.065 g 
14.11.2024 3863,84 0 2858.79 1 2 3 4 5 -127.00
  11.065 g 
14.11.2024 3873,84 0 2866.99 1 2 3 4 5 -127.00
  11.130 g 
14.11.2024 3883,84 0 2865.63 1 2 3 4 5 -127.00
  11.125 g 
14.11.2024 3893,84 0 2866.99 1 2 3 4 5 -127.00
  11.125 g 
14.11.2024 3903,84 0 2856.05 1 2 3 4 5 -127.00
  11.125 g 
14.11.2024 3913,84 0 2866.99 1 2 3 4 5 -127.00
  11.125 g 
14.11.2024 3923,84 0 2854.69 1 2 3 4 5 -127.00
  11.125 g 
14.11.2024 3933,84 0 2862.89 1 2 3 4 5 -127.00
  11.120 g 
14.11.2024 3943,84 0 2866.99 1 2 3 4 5 -127.00
  11.185 g 
14.11.2024 3953,84 0 2864.26 1 2 3 4 5 -127.00
  11.185 g 
14.11.2024 3963,84 0 2855.37 1 2 3 4 5 -127.00
  11.180 g 
14.11.2024 3973,84 0 2866.99 1 2 3 4 5 -127.00
  11.180 g 
14.11.2024 3983,84 0 2866.99 1 2 3 4 5 -127.00
  11.180 g 
14.11.2024 3993,84 0 2866.31 1 2 3 4 5 -127.00
  11.180 g 
14.11.2024 4003,84 0 2866.31 1 2 3 4 5 -127.00
  11.175 g 
14.11.2024 4013,84 0 2866.31 1 2 3 4 5 -127.00
  11.175 g 
14.11.2024 4023,84 0 2866.99 1 2 3 4 5 -127.00
  11.240 g 
14.11.2024 4033,84 0 2866.31 1 2 3 4 5 -127.00
  11.235 g 
14.11.2024 4043,84 0 2866.31 1 2 3 4 5 -127.00
  11.235 g 
14.11.2024 4053,84 0 2869.04 1 2 3 4 5 -127.00
  11.235 g 
14.11.2024 4063,84 0 2864.26 1 2 3 4 5 -127.00
  11.235 g 
14.11.2024 4073,84 0 2864.94 1 2 3 4 5 -127.00
  11.230 g 
14.11.2024 4083,84 0 2866.99 1 2 3 4 5 -127.00
  11.230 g 
14.11.2024 4093,84 0 2867.68 1 2 3 4 5 -127.00
  11.230 g 
14.11.2024 4103,84 0 2866.99 1 2 3 4 5 -127.00
  11.300 g 
14.11.2024 4113,84 0 2864.94 1 2 3 4 5 -127.00
  11.295 g 
14.11.2024 4123,84 0 2866.99 1 2 3 4 5 -127.00
  11.290 g 
14.11.2024 4133,84 0 2871.78 1 2 3 4 5 -127.00
  11.290 g 
14.11.2024 4143,84 0 2867.68 1 2 3 4 5 -127.00
  11.285 g 
14.11.2024 4153,84 0 2864.26 1 2 3 4 5 -127.00
  11.290 g 
14.11.2024 4163,84 0 2865.63 1 2 3 4 5 -127.00
  11.285 g 
14.11.2024 4173,84 0 2866.99 1 2 3 4 5 -127.00
  11.285 g 
14.11.2024 4183,84 0 2866.99 1 2 3 4 5 -127.00
  11.350 g 
14.11.2024 4193,84 0 2864.26 1 2 3 4 5 -127.00
  11.345 g 
14.11.2024 4203,84 0 2866.99 1 2 3 4 5 -127.00
  11.345 g 
14.11.2024 4213,84 0 2866.99 1 2 3 4 5 -127.00
  11.345 g 
14.11.2024 4223,84 0 2865.63 1 2 3 4 5 -127.00
  11.345 g 
14.11.2024 4233,84 0 2865.63 1 2 3 4 5 -127.00
  11.340 g 
14.11.2024 4243,84 0 2866.99 1 2 3 4 5 -127.00
  11.340 g 
14.11.2024 4253,84 0 2866.99 1 2 3 4 5 -127.00
  11.335 g 
14.11.2024 4263,84 0 2866.31 1 2 3 4 5 -127.00
  11.405 g 
14.11.2024 4273,84 0 2867.68 1 2 3 4 5 -127.00
  11.400 g 
14.11.2024 4283,84 0 2865.63 1 2 3 4 5 -127.00
  11.400 g 
14.11.2024 4293,84 0 2866.99 1 2 3 4 5 -127.00
  11.400 g 
14.11.2024 4303,84 0 2867.68 1 2 3 4 5 -127.00
  11.395 g 
14.11.2024 4313,84 0 2866.99 1 2 3 4 5 -127.00
  11.395 g 
14.11.2024 4323,84 0 2866.31 1 2 3 4 5 -127.00
  11.395 g 
14.11.2024 4333,84 0 2866.31 1 2 3 4 5 -127.00
  11.395 g 
14.11.2024 4343,84 0 2871.09 1 2 3 4 5 -127.00
  11.395 g 
14.11.2024 4353,84 0 2866.99 1 2 3 4 5 -127.00
  11.455 g 
14.11.2024 4363,84 0 2873.14 1 2 3 4 5 -127.00
  11.455 g 
14.11.2024 4373,84 0 2866.31 1 2 3 4 5 -127.00
  11.455 g 
14.11.2024 4383,84 0 2866.99 1 2 3 4 5 -127.00
  11.450 g 
14.11.2024 4393,84 0 2866.99 1 2 3 4 5 -127.00
  11.450 g 
14.11.2024 4403,84 0 2866.31 1 2 3 4 5 -127.00
  11.450 g 
14.11.2024 4413,84 0 2866.99 1 2 3 4 5 -127.00
  11.445 g 
14.11.2024 4423,84 0 2869.04 1 2 3 4 5 -127.00
  11.445 g 
14.11.2024 4433,84 0 2866.99 1 2 3 4 5 -127.00
  11.510 g 
14.11.2024 4443,84 0 2866.99 1 2 3 4 5 -127.00
  11.510 g 
14.11.2024 4453,84 0 2866.99 1 2 3 4 5 -127.00
  11.505 g 
14.11.2024 4463,84 0 2866.99 1 2 3 4 5 -127.00
  11.505 g 
14.11.2024 4473,84 0 2873.14 1 2 3 4 5 -127.00
  11.505 g 
14.11.2024 4483,84 0 2866.99 1 2 3 4 5 -127.00
  11.505 g 
